% number of repeats:% 3
% enter first, last, inc:% 48 480 48 
data = [
%  n          reference      |         current implementation 
%        time       GFLOPS   |    time       GFLOPS     diff 
   480 5.8952e-03 3.7519e+01    3.9730e-02 5.5671e+00 3.5527e-13
   432 4.2992e-03 3.7505e+01    2.7689e-02 5.8234e+00 3.1264e-13
   384 3.0806e-03 3.6762e+01    1.7982e-02 6.2977e+00 1.9895e-13
   336 2.0897e-03 3.6305e+01    1.0374e-02 7.3128e+00 1.7053e-13
   288 1.3642e-03 3.5020e+01    5.7184e-03 8.3548e+00 1.1369e-13
   240 7.9158e-04 3.4927e+01    3.2756e-03 8.4406e+00 4.2633e-14
   192 4.1286e-04 3.4287e+01    1.7519e-03 8.0803e+00 2.8422e-14
   144 1.7005e-04 3.5118e+01    8.0371e-04 7.4305e+00 2.8422e-14
    96 6.7915e-05 2.6054e+01    2.9274e-04 6.0446e+00 1.4211e-14
    48 1.4595e-05 1.5155e+01    5.4841e-05 4.0332e+00 7.1054e-15
];

% Maximum difference between reference and your implementation: 3.552714e-13.
