% number of repeats:% 3
% enter first, last, inc:% 48 480 48 
data = [
%  n          reference      |         current implementation 
%        time       GFLOPS   |    time       GFLOPS     diff 
   480 5.8814e-03 3.7608e+01    2.3280e-01 9.5010e-01 3.5527e-13
   432 4.2687e-03 3.7773e+01    1.6295e-01 9.8951e-01 3.1264e-13
   384 3.0630e-03 3.6972e+01    2.3966e-01 4.7252e-01 1.9895e-13
   336 2.0948e-03 3.6217e+01    7.0861e-02 1.0706e+00 1.7053e-13
   288 1.3664e-03 3.4966e+01    4.6326e-02 1.0313e+00 1.1369e-13
   240 7.8455e-04 3.5240e+01    2.4783e-02 1.1156e+00 4.2633e-14
   192 4.2984e-04 3.2932e+01    1.8766e-02 7.5435e-01 2.8422e-14
   144 1.8103e-04 3.2989e+01    3.7328e-03 1.5999e+00 2.8422e-14
    96 7.0042e-05 2.5263e+01    1.2001e-03 1.4744e+00 1.4211e-14
    48 1.4633e-05 1.5115e+01    1.1627e-04 1.9023e+00 7.1054e-15
];

% Maximum difference between reference and your implementation: 3.552714e-13.
