% number of repeats:% 3
% enter first, last, inc:% 48 480 48 
data = [
%  n          reference      |         current implementation 
%        time       GFLOPS   |    time       GFLOPS     diff 
   480 5.8676e-03 3.7696e+01    2.3417e-01 9.4455e-01 3.5527e-13
   432 4.2697e-03 3.7765e+01    1.6520e-01 9.7604e-01 3.1264e-13
   384 3.0628e-03 3.6975e+01    2.4106e-01 4.6978e-01 1.9895e-13
   336 2.0984e-03 3.6154e+01    7.2909e-02 1.0406e+00 1.7053e-13
   288 1.3591e-03 3.5153e+01    4.5743e-02 1.0444e+00 1.1369e-13
   240 7.7812e-04 3.5532e+01    2.0746e-02 1.3327e+00 4.2633e-14
   192 4.1166e-04 3.4387e+01    1.4226e-02 9.9508e-01 2.8422e-14
   144 1.7764e-04 3.3619e+01    3.8849e-03 1.5372e+00 2.8422e-14
    96 6.8100e-05 2.5983e+01    1.2707e-03 1.3925e+00 1.4211e-14
    48 1.4631e-05 1.5117e+01    1.1756e-04 1.8815e+00 7.1054e-15
];

% Maximum difference between reference and your implementation: 3.552714e-13.
