% number of repeats:% 3
% enter first, last, inc:% 48 480 48 
data = [
%  n          reference      |         current implementation 
%        time       GFLOPS   |    time       GFLOPS     diff 
   480 5.9266e-03 3.7321e+01    3.5868e-02 6.1667e+00 3.5527e-13
   432 4.3430e-03 3.7127e+01    2.6815e-02 6.0132e+00 3.1264e-13
   384 3.0870e-03 3.6684e+01    1.7768e-02 6.3737e+00 1.9895e-13
   336 2.0802e-03 3.6470e+01    1.1080e-02 6.8469e+00 1.7053e-13
   288 1.3498e-03 3.5395e+01    6.3670e-03 7.5036e+00 1.1369e-13
   240 8.0531e-04 3.4332e+01    3.8239e-03 7.2303e+00 4.2633e-14
   192 4.1651e-04 3.3987e+01    1.8965e-03 7.4642e+00 2.8422e-14
   144 1.8256e-04 3.2713e+01    8.4434e-04 7.0730e+00 2.8422e-14
    96 6.7528e-05 2.6204e+01    2.7896e-04 6.3432e+00 1.4211e-14
    48 1.4402e-05 1.5358e+01    4.4837e-05 4.9331e+00 7.1054e-15
];

% Maximum difference between reference and your implementation: 3.552714e-13.
