% number of repeats:% 3
% enter first, last, inc:% 48 480 48 
data = [
%  n          reference      |         current implementation 
%        time       GFLOPS   |    time       GFLOPS     diff 
   480 5.8923e-03 3.7538e+01    1.9603e-01 1.1283e+00 3.5527e-13
   432 4.3137e-03 3.7380e+01    1.4432e-01 1.1172e+00 3.1264e-13
   384 3.0719e-03 3.6866e+01    9.9544e-02 1.1376e+00 1.9895e-13
   336 2.0864e-03 3.6362e+01    6.4291e-02 1.1800e+00 1.7053e-13
   288 1.3602e-03 3.5124e+01    3.9596e-02 1.2066e+00 1.1369e-13
   240 7.7650e-04 3.5606e+01    2.2332e-02 1.2380e+00 4.2633e-14
   192 4.2578e-04 3.3246e+01    1.1530e-02 1.2277e+00 2.8422e-14
   144 1.7566e-04 3.3998e+01    3.7684e-03 1.5847e+00 2.8422e-14
    96 5.6159e-05 3.1508e+01    1.0954e-03 1.6154e+00 1.4211e-14
    48 1.2164e-05 1.8183e+01    1.1536e-04 1.9173e+00 7.1054e-15
];

% Maximum difference between reference and your implementation: 3.552714e-13.
